Z06711000                       USGS 
H06711000       3938081051005000808059SW1019000250.1           5717.54          
N06711000       TURKEY CREEK NEAR MORRISON, CO.
Y06711000       
306711000       19420802   37.02               1.54                    
306711000       19421015   18.02               1.24                    
306711000       19440506    1752               2.46                    
306711000       19450608   18.02               1.30                    
306711000       19460824   12002               5.79                    
306711000       19470622    126                2.17                    
306711000       19480428    215                2.44                    
306711000       19490606    384                3.08                    
306711000       19500618    110                1.98                    
306711000       19510522   47.0                1.65                    
306711000       19520524    185                2.32                    
306711000       19530716    149                2.17                    
306711000       19690507   27307B                          1942          
306711000       1979        237B              10.74                    
306711000       1980        585B              11.63                    
306711000       1981       15.0B               9.23                    
306711000       19820817    165               10.45                    
306711000       1983        320B              11.00                    
306711000       1984        450B              11.35                    
306711000       1985        197B              10.59                    
306711000       1986       37.0B               9.64                    
306711000       1987        197B              40.596                   
306711000       19880520    195               10.20                    
306711000       19890513   24.0                9.16                    
306711000       19900428   44.0               39.416                   
306711000       19910606    125               39.98                    
306711000       19920417    125               39.57                    
306711000       19930517   42.0               39.36                    
306711000       19940510   68.0               39.62                    
