Z06829700                       USGS 
H06829700       4009441005731003131087SW102500049.1            2670.00          
N06829700       THOMPSON CANYON NEAR TRENTON, NEBR.
Y06829700       
306829700       19660718    132                6.98                    
306829700       19670919    120                6.80                    
306829700       19680828   1230               11.64                    
306829700       19690507    292                8.28                    
306829700       1970       0.00                                        
306829700       19710609    207                7.65                    
306829700       19720802   1140               11.35                    
306829700       19730522   64.0                5.87                    
306829700       19740608    224                7.78                    
306829700       19750621    370                8.75                    
306829700       19760703    390                8.83                    
306829700       19770520   1800               12.70                    
306829700       19780720    240                7.90                    

