Z06724500                       USGS 
H06724500       4007321051812000808013SW1019000552.0           5710.00          
N06724500       LEFT HAND CREEK NEAR BOULDER, CO.
Y06724500       
306724500       19290717    216                2.49                    
306724500       19300826    340                2.80                    
306724500       19310802    396                2.94                    
306724500       19470622    254                3.13                    
306724500       19480607    510                3.66                    
306724500       19490604   1140                4.20                    
306724500       19500616    234                4.026                   
306724500       19510803    785                5.39                    
306724500       19520615    252                4.09                    
306724500       19530613    245                4.18                    
306724500       19560522    230                4.15                    
306724500       19570509    707                4.18                    
306724500       19770606    230                2.546                   
306724500       19780615    331                3.86                    
306724500       19790609    187                2.61                    
306724500       19800430    571                5.02                    
