Z06675300                       USGS 
H06675300       4127211045300005656021SW101800128.16           6240             
N06675300       HORSE CREEK TRIBUTARY NEAR LITTLE BEAR, WY
Y06675300       
306675300       19610514   78.0                5.43                    
306675300       1962       40.04B                  4                   
306675300       19621006    286                7.46                    
306675300       1964       40.04B                  4                   
306675300       1965       40.04B                  4                   
306675300       1966       40.04B                  4                   
306675300       19670717   68.0                0.65                    
306675300       1968       14.04B                  4                   
306675300       19690610   21.0                5.29                    
306675300       19700524   8.00                4.80                    
306675300       19710729   34.0                5.68                    
306675300       1972       1.004B                  4                   
306675300       19730430   40.0                4.55                    
306675300       19740424   24.0                5.38                    
306675300       19750505   10.0                4.90                    
306675300       1976       1.004B                  4                   
306675300       19770501   15.0                5.09                    
306675300       19780309   8.00                4.78                    
306675300       19790819   75.0                6.66                    
306675300       19800321   7.00                4.70                    
306675300       19810712   40.0                5.82                    
