Z06655000                       USGS 
H06655000       4219331045233005656031SW10180008196.00         4450             
N06655000       COTTONWOOD CREEK AT WENDOVER, WY
Y06655000       
306655000       19290601    840                5.02                    
306655000       19300828    450                                        
306655000       19310509   56.0                2.70                    
306655000       19320520    280                4.00                    
306655000       19330523    212                3.18                    
306655000       19350611   3600                6.80                    
306655000       19360606    299                1.75                    
306655000       19370906    236                3.72                    
306655000       19380810    284                4.21                    
306655000       19390712   52.0                2.64                    
306655000       19400923   4140               12.13                    
306655000       19410714    818                6.20                    
306655000       19420627   2220                8.90                    
306655000       19460701    254                2.33                    
306655000       19470622    102                4.72                    
306655000       19480614    691                6.22                    
306655000       19490712    122                4.57                    
306655000       19500618   32.0                4.09                    
306655000       19510622    320                5.20                    
306655000       19520604    326                5.82                    
306655000       19530821    190                4.86                    
306655000       19540806   58.0                4.79                    
306655000       19550601   1730                8.85                    
306655000       19740419   36.0                5.60                    

