Z06668040                       USGS 
H06668040       4212571051343005656031SW101800111.30           5650             
N06668040       RABBIT CREEK NEAR WHEATLAND, WY
Y06668040       
306668040       19650610   43.0                0.60                    
306668040       1966       0.00B                                       
306668040       19670615   44.0                0.61                    
306668040       19680627   28.0                0.37                    
306668040       1969       0.00B                                       
306668040       19700612   25.0                0.31                    
306668040       19710505   35.0                0.48                    
306668040       1972       0.00B                                       
306668040       1973       0.00B                                       
306668040       1974       0.00B                                       
306668040       19750815   42.0                0.58                    
306668040       19760726   86.0                1.14                    
306668040       19770501   54.0                0.75                    
306668040       19780709   57.0                0.80                    
306668040       19790818   25.0                0.32                    
306668040       19800815   76.0                1.03                    
306668040       19810816    108                1.36                    
306668040       19820601   16.0                0.16                    
306668040       19830817    312                2.34                    
306668040       19840501   11.0                0.10                    

