Z06835100                       USGS 
H06835100       4018171010640003131087SW1025000530.2                            
N06835100       BOBTAIL CREEK NEAR PALISADE, NEBR.
Y06835100       
306835100       19660812    230                5.57                    
306835100       19670918    650                7.66                    
306835100       19680828    835                8.39                    
306835100       19690521   11002                                       
306835100       19700611   1100                9.39                    
306835100       19710610   81.0                4.09                    
306835100       19720617  15200               27.17                    
306835100       19730928   90.0                3.00                    
306835100       19740808    175                4.15                    
306835100       19750608   1850               11.25                    
306835100       19760623    290                5.00                    
306835100       19770709    112                3.47                    
306835100       19780526   67.0                2.53                    
