Z06838550                       USGS 
H06838550       4015021001902003131145SW1025000442             2320.00          
N06838550       DRY CREEK AT BARTLEY, NEBR.
Y06838550       
306838550       19610521    315                8.09                    
306838550       19620803    420                8.78                    
306838550       19630921    600                9.43                    
306838550       19640319    125                6.86                    
306838550       19650612    712               10.50                    
306838550       19660728    230                9.97                    
306838550       19670708    240               10.11                    
306838550       19680624    205                9.51                    
306838550       19690725    295               11.12                    
306838550       19700726    245               10.38                    
306838550       19710511    204                9.46                    
306838550       19720618   15.02                                       
306838550       19730720   10.02                                       
306838550       19740609    260               10.50                    
306838550       19750619    280               10.90                    
306838550       19760623    633               12.48                    
306838550       19770521    370               11.63                    
306838550       19780311    175                8.91                    
306838550       19790825    330               11.58                    
306838550       1980       69.0B                                       
306838550       19810703    285               10.93                    
306838550       19820714   9.002                                       
306838550       19830613    200                9.37                    
