Z07108900                       USGS 
H07108900       3814441042909000808101SW11020002474            4581.58          
N07108900       ST. CHARLES RIVER AT VINELAND, CO.
Y07108900       
307108900       19210603  560007                           1901
307108900       19790810    3425               6.62                    
307108900       19800516   49405               9.80                    
307108900       19810803   59105              10.81                    
307108900       19820811   75605              12.70                    
307108900       19830606   10405               5.71                    
307108900       19840822   63105              11.21                    
307108900       19850722    9905               5.48                    
307108900       19860606   15805               6.71                    
307108900       19870809   51805              10.00                    
307108900       19880707   37605               8.98                    
307108900       19890713   54005              10.19                    
307108900       19900722   73005              11.46                    
307108900       19910719   44805               9.49                    
307108900       19920714   38105               8.94                    
307108900       19930715   19605               8.11                    
307108900       19940510   17005               7.70                    
307108900       19950517   23305               8.62                    
307108900       19960723   34405               9.93                    
307108900       19970901   14805               7.68                    
307108900       19980327   21705               8.78                    
307108900       19990430   52505              13.68                    
307108900       20000818   31405              10.99                    
307108900       20010714   41905              12.52                    
307108900       20020914    7905               5.92                    
307108900       20030810   15805               8.09                    
307108900       20040717    7635               6.03                    
307108900       20050415    4445               4.49                    
307108900       20060820   12405               7.27                    
307108900       20070802   47605              13.25                    
307108900       20080824    4715               5.30                    
307108900       20090613   15805               8.15                    
307108900       20100805   25105               9.96                    
307108900       20110803   37405              11.88                    
307108900       20120412   76.05               3.21                    
307108900       20130715   24305              10.66                    
