Z06839900                       USGS 
H06839900       4044401003152003131111SW1025000831.8           2640.00          
N06839900       FOX CREEK ABOVE CUT CANYON NR CURTIS, NEBR.
Y06839900       
306839900       19510520   2810               23.00                    
306839900       19520714    560               14.40                    
306839900       19530810    170               11.45                    
306839900       19540818    150               11.35                    
306839900       19550525    230               11.98                    
306839900       19560527    770               15.82                    
306839900       19570827   1340               19.53                    
306839900       19580919   90.0               10.79                    
306839900       19590519   1370               19.63                    
306839900       19600320    432               13.57                    
306839900       1961       50.02B                  4                   
306839900       19620616    690               15.32                    
306839900       19630602    480               13.88                    
306839900       19640420    160               11.41                    
306839900       19650705    135               11.17                    
306839900       19660813    233               12.02                    
306839900       19670605   1960               21.69                    
306839900       19680810    356               12.95                    
306839900       19690625    210               11.82                    
306839900       19700611   10.02                                       
306839900       19710705    210               11.83                    
306839900       19711017    140               11.24                    
306839900       19730719   10.02                                       
306839900       19740609   10.02                                       
306839900       19750621    395               13.26                    
306839900       19760714    330               12.79                    
306839900       19770522   60.0               10.52                    
306839900       19780311    550               14.37                    

