Z06712000                       USGS 
H06712000       3921211044546000808035SW10190003169            6150.00          
N06712000       CHERRY CREEK NEAR FRANKTOWN, CO.
Y06712000       
306712000       19400606   2000                2.60                    
306712000       19410713   4700                3.08                    
306712000       19420313   3620                2.916                   
306712000       19430628    198                1.86                    
306712000       19440712    390                2.12                    
306712000       19450805   9170                4.91                    
306712000       19460824   1470                4.77                    
306712000       19470318    928                3.55                    
306712000       19480323   1220                2.94                    
306712000       19490613   1080                2.78                    
306712000       19500727    146                1.91                    
306712000       19510803   81.0                1.91                    
306712000       19520828   1350                3.44                    
306712000       19530816    455                2.75                    
306712000       19540807   2620                7.236                   
306712000       19550805    790                5.67                    
306712000       19560731   3380                7.62                    
306712000       19570730   5380                9.66                    
306712000       19580218    152                4.23                    
306712000       19590216    156                3.97                    
306712000       19600324   2340                7.62                    
306712000       19610731   3410                8.84                    
306712000       19620307   68.0                3.64                    
306712000       19630825    815                6.02                    
306712000       19640330    400                4.49                    
306712000       19650821   1730                7.34                    
306712000       19660718   2250                8.00                    
306712000       19670703    492                5.19                    
306712000       19680811    149                3.98                    
306712000       19690507    192                4.57                    
306712000       19700820    198                4.31                    
306712000       19710313    216                4.18                    
306712000       19720605   1920                7.54                    
306712000       19730506   4670                9.61                    
306712000       19740308    568                5.45                    
306712000       19750610   71.0                3.452                   
306712000       19760801   2580                8.16                    
306712000       19770722    376                5.05                    
306712000       19780729   1020                6.41                    
306712000       19790717   1950                7.57                    
306712000       19800504    309                4.77                    
306712000       19810330   92.0                3.572                   
306712000       19820810   1430                6.97                    
306712000       19830520    959                6.27                    
306712000       19840804   1720                7.34                    
306712000       19850517    742                5.85                    
306712000       19860407   76.0                3.70                    
306712000       19870703   1040                6.41                    
306712000       19880301    338                4.75                    
306712000       19890715   54.0                3.362                   
306712000       19900709    825                6.02                    
306712000       19910610    745                5.85                    
306712000       19920328    303                4.62                    
306712000       19930618    209                4.24                    
306712000       19940217    139                3.89                    
306712000       19950629    2001                                       
306712000       19960823   1460                7.02                    
306712000       19970802   1800                7.43                    
306712000       19980724   1190                6.65                    
306712000       19990430   1290                6.96                    
306712000       20000717    181                4.67                    
306712000       20010505    262                5.02                    
306712000       20020827   5310                9.33                    
306712000       20030425    350                5.39                    
306712000       20040804   2260                7.99                    
306712000       20050414    231                4.88                    
306712000       20060702   6090               11.13                    
306712000       20070612   1120                6.71                    
306712000       20080816    744                6.23                    
306712000       20090601   4370                9.40                    
306712000       20100425    315                5.49                    
306712000       20110714   61.0                4.32                    
306712000       20120306    524                5.66                    
306712000       20130913   49.0                3.85                    
