Z06839600                       USGS 
H06839600       4035051003745003131063SW1025000811.3           2722.00          
N06839600       FRAZIER CREEK NEAR MAYWOOD, NEBR.
Y06839600       
306839600       19520714   67.0               10.31                    
306839600       19530810    343               11.86                    
306839600       19540808    260               11.42                    
306839600       19550809    594               13.30                    
306839600       19560705  11200               27.30                    
306839600       19570422   1790               19.67                    
306839600       19580720    860               19.01                    
306839600       19590519    180               11.68                    
306839600       19600319    333               13.28                    
306839600       19610720   1630               15.25                    
306839600       19620701   1500               16.28                    
306839600       19630920   1730               17.17                    
306839600       19640420    460               14.09                    
306839600       19650524    380               13.48                    
306839600       19660813    440               13.85                    
306839600       19670621   9370               28.55                    
306839600       19680422    1002                                       
306839600       19690610   4150               18.32                    
306839600       19700611    440               14.08                    

