# US Geological Survey
# PeakFQ Flood Frequency Analysis, Version 7.1 dated 3/14/2014
#
# Analyzed: 11/25/2014 11:56
#
# Empirical Frequency Curves
Station - 06687000  BLUE CREEK NEAR LEWELLEN, NEBR.                             
  WaterYr	  RankedQ	   EMAEst	ThreshLow	 ThreshUp	  IntvLow	 IntvHigh
    1938	      720.0	      0.0121	       0.	      INF
    1941	      685.0	      0.0243	       0.	      INF
    1962	      558.0	      0.0365	       0.	      INF
    1935	      553.0	      0.0487	       0.	      INF
    1944	      528.0	      0.0609	       0.	      INF
    1937	      493.0	      0.0731	       0.	      INF
    1979	      480.0	      0.0853	       0.	      INF
    1987	      394.0	      0.0975	       0.	      INF
    1958	      376.0	      0.1097	       0.	      INF
    1947	      313.0	      0.1219	       0.	      INF
    1932	      310.0	      0.1341	       0.	      INF
    1953	      309.0	      0.1463	       0.	      INF
    1950	      306.0	      0.1585	       0.	      INF
    1933	      296.0	      0.1707	       0.	      INF
    1957	      287.0	      0.1829	       0.	      INF
    1942	      286.0	      0.1951	       0.	      INF
    1951	      281.0	      0.2073	       0.	      INF
    1983	      280.0	      0.2195	       0.	      INF
    1968	      279.0	      0.2317	       0.	      INF
    1985	      274.0	      0.2439	       0.	      INF
    1949	      254.0	      0.2561	       0.	      INF
    1934	      229.0	      0.2683	       0.	      INF
    1977	      224.0	      0.2805	       0.	      INF
    1948	      223.0	      0.2927	       0.	      INF
    1969	      221.0	      0.3049	       0.	      INF
    2007	      213.0	      0.3171	       0.	      INF
    1960	      210.0	      0.3414	       0.	      INF
    1988	      210.0	      0.3292	       0.	      INF
    1955	      206.0	      0.3536	       0.	      INF
    1966	      204.0	      0.3658	       0.	      INF
    1931	      200.0	      0.3780	       0.	      INF
    1978	      199.0	      0.3902	       0.	      INF
    1981	      197.0	      0.4024	       0.	      INF
    1952	      195.0	      0.4146	       0.	      INF
    2001	      189.0	      0.4268	       0.	      INF
    1994	      187.0	      0.4390	       0.	      INF
    1965	      186.0	      0.4512	       0.	      INF
    1936	      182.0	      0.4878	       0.	      INF
    1939	      182.0	      0.4756	       0.	      INF
    1976	      182.0	      0.4634	       0.	      INF
    1998	      180.0	      0.5000	       0.	      INF
    1961	      179.0	      0.5244	       0.	      INF
    2010	      179.0	      0.5122	       0.	      INF
    1995	      177.0	      0.5366	       0.	      INF
    2009	      176.0	      0.5488	       0.	      INF
    1982	      175.0	      0.5610	       0.	      INF
    1964	      174.0	      0.5854	       0.	      INF
    1997	      174.0	      0.5732	       0.	      INF
    1990	      173.0	      0.5976	       0.	      INF
    1954	      172.0	      0.6220	       0.	      INF
    1967	      172.0	      0.6098	       0.	      INF
    1963	      170.0	      0.6464	       0.	      INF
    2003	      170.0	      0.6342	       0.	      INF
    1993	      163.0	      0.6586	       0.	      INF
    1945	      161.0	      0.6708	       0.	      INF
    1940	      159.0	      0.6951	       0.	      INF
    1999	      159.0	      0.6829	       0.	      INF
    1959	      154.0	      0.7073	       0.	      INF
    1984	      152.0	      0.7317	       0.	      INF
    1996	      152.0	      0.7195	       0.	      INF
    2011	      149.0	      0.7439	       0.	      INF
    1986	      148.0	      0.7561	       0.	      INF
    1992	      147.0	      0.7683	       0.	      INF
    1975	      146.0	      0.7805	       0.	      INF
    1973	      144.0	      0.8049	       0.	      INF
    1974	      144.0	      0.7927	       0.	      INF
    2000	      141.0	      0.8293	       0.	      INF
    2005	      141.0	      0.8171	       0.	      INF
    1972	      140.0	      0.8537	       0.	      INF
    2004	      140.0	      0.8415	       0.	      INF
    1943	      136.0	      0.8781	       0.	      INF
    1970	      136.0	      0.8659	       0.	      INF
    1991	      135.0	      0.8903	       0.	      INF
    1946	      134.0	      0.9025	       0.	      INF
    1971	      133.0	      0.9147	       0.	      INF
    1956	      130.0	      0.9269	       0.	      INF
    1980	      127.0	      0.9391	       0.	      INF
    2002	      125.0	      0.9513	       0.	      INF
    1989	      116.0	      0.9635	       0.	      INF
    2008	      114.0	      0.9757	       0.	      INF
    2006	      110.0	      0.9879	       0.	      INF
