Z06707000                       USGS 
H06707000       3924321051031000808059SW10190002476            6090.55          
N06707000       NF SOUTH PLATTE RIVER AT SOUTH PLATTE, CO.
Y06707000       
306707000       19090703   15502               4.80                    
306707000       19100729   18002               5.40                    
306707000       19130513    8802                                       
306707000       19140523   18602               5.50                    
306707000       19150612    9802               4.25                    
306707000       19160511    4482               3.07                    
306707000       19170618   13002               4.80                    
306707000       19180622   10802               4.40                    
306707000       19190520    6952               3.65                    
306707000       19200525   10302               4.45                    
306707000       19210608   19102               5.90                    
306707000       19220527    6742               3.75                    
306707000       19230617   11302               4.55                    
306707000       19240607   13802               4.80                    
306707000       19250621    341                2.87                    
306707000       19260607   1520                5.02                    
306707000       19270518    459                3.14                    
306707000       19280530    964                4.14                    
306707000       19290807    857                4.04                    
306707000       19300814    700                3.74                    
306707000       19310527    740                3.90                    
306707000       19320523    518                3.35                    
306707000       19330909   1490                6.18                    
306707000       19340510    335                3.38                    
306707000       19350613    833                4.47                    
306707000       19360812   1620                5.76                    
306707000       19370627    715                4.08                    
306707000       19380603   1050                4.74                    
306707000       19390601    543                3.57                    
306707000       19400601    232                2.85                    
306707000       19410514   1030                4.63                    
306707000       19420527   1370                5.51                    
306707000       19430530    571                3.60                    
306707000       19440610   1040                4.25                    
306707000       19450821   1360                4.66                    
306707000       19460619    350                2.93                    
306707000       19470621   1000                4.76                    
306707000       19480523   1040                4.78                    
306707000       19490613   2050                6.30                    
306707000       19500617    496                3.31                    
306707000       19510621    786                3.71                    
306707000       19520607   1390                4.44                    
306707000       19530529    679                3.54                    
306707000       19540720    324                2.80                    
306707000       19550807    561                3.38                    
306707000       19560601    556                3.40                    
306707000       19570608   1230                4.43                    
306707000       19580525    885                3.87                    
306707000       19590621    444                3.13                    
306707000       19600605    550                3.30                    
306707000       19610907    439                3.12                    
306707000       19620510    631                3.52                    
306707000       19630616    224                2.62                    
306707000       19640527    439                3.12                    
306707000       19650618   1260                4.422                   
306707000       19660718    5556               3.37                    
306707000       19670831    4406               3.17                    
306707000       19680603    529                3.37                    
306707000       19690507   1380                4.58                    
306707000       19700623   1180                4.37                    
306707000       19710720    5346               3.57                    
306707000       19720607    726                3.79                    
306707000       19730522   1550                4.96                    
306707000       19740721    5756               3.68                    
306707000       19750709    7556               3.792                   
306707000       19760803   10106               3.97                    
306707000       19770509    5886               3.382                   
306707000       19780630    8546               3.85                    
306707000       19790614   13606               4.45                    
306707000       19800612   16006               4.71                    
306707000       19810629    5726               3.51                    
306707000       19820728    8386               3.86                    
