Z06839200                       USGS 
H06839200       4036101004202003131063SW102500086.7            2780.00          
N06839200       ELKHORN CANYON NEAR MAYWOOD, NEBR.
Y06839200       
306839200       19520801    108               11.20                    
306839200       19530810    324               14.50                    
306839200       19540808    132               11.64                    
306839200       19550616    162               12.10                    
306839200       19560705   1220               17.44                    
306839200       19570512    900               16.93                    
306839200       19580720    146               11.88                    
306839200       19590519    142               11.81                    
306839200       19600319    230               13.11                    
306839200       19610726    340               14.62                    
306839200       19620701   1250               17.47                    
306839200       19630920   1330               17.58                    
306839200       19640820   1040               17.20                    
306839200       19650403    117               11.37                    
306839200       19660728    125               11.46                    
306839200       19670621   1920               18.29                    
306839200       19680422    170               12.22                    
306839200       19690610   3370               19.00                    
306839200       19700611   62.0               10.31                    
306839200       19710613   16.0                9.00                    
306839200       19720512   48.0               10.00                    
306839200       19730719   29.0                9.50                    
306839200       19740609   58.0               10.24                    
306839200       19750621    130               11.59                    
306839200       19760623   85.0               10.78                    
306839200       1977       0.00                                        
306839200       19780529    137               11.69                    

