Z06839850                       USGS 
H06839850       4049351003125003131111SW1025000813.8           2760.00          
N06839850       FOX CREEK NORTH OF CURTIS, NEBR.
Y06839850       
306839850       19520713   2.00                9.50                    
306839850       1953       0.00                                        
306839850       19540817    100               10.73                    
306839850       1955       0.00                                        
306839850       19560527    420               11.66                    
306839850       19570827   1320               11.76                    
306839850       19580618   10.0               10.09                    
306839850       19590519   2080               12.85                    
306839850       19600320    600               11.56                    
306839850       19610614    630               11.33                    
306839850       19620608   1210               12.60                    
306839850       19630708   24.0                8.97                    
306839850       19640606    114               10.05                    
306839850       19650403    107               10.00                    
306839850       19660813    223               10.46                    
306839850       19670605   1040               12.22                    
306839850       19680810    167               10.30                    
306839850       19690317   55.0                9.51                    
306839850       19700611   10.02                                       

