Station ID	Lat	Long	No. Annual Series	Zero-1;NonZero-2	FreqZero	Regional Skew	Cont-1;PR-2	A	Slope	P1006	C	Sand	Long	OutletElev	E
06687000	41.336944	-102.174722	81	2	0	0.499	1	897.9	5.528	3.88	5.200	81.082	102.174722	3310	3926
06759100	40.282759	-103.875506	11	2	0	-0.052	1	1383	4.714	3.99	25.327	33.772	103.875506	4302	5481
06762500	41.227778	-103.893056	72	2	0	0.099	1	1216.1	4.137	3.15	14.096	49.630	103.893056	4843	5872
06763500	41.033333	-102.405000	37	2	0	0.386	1	3307	3.252	3.72	16.661	35.981	102.405000	3590	5127
06767200	40.705008	-100.240412	27	2	0	0.418	1	1.83	7.390	4.76	22.139	4.524	100.240412	2737	2830
06821300	39.519987	-103.443555	11	2	0	-0.073	1	6.8	2.646	4.24	25.057	15.994	103.443555	5230	5350
06821400	39.906657	-102.269361	11	2	0	-0.03	1	19.8	2.234	4.37	21.431	12.281	102.269361	3680	3899
06821500	40.029167	-101.967500	82	2	0	-0.004	1	1700	3.007	4.27	18.793	35.635	101.967500	3251	4526
06823000	40.069435	-102.051298	83	2	0	0.014	1	2370	3.033	4.05	10.936	62.844	102.051298	3336	3991
06823500	40.039444	-101.866667	73	2	0	0.002	1	176.8	4.319	4.26	6.587	75.983	101.866667	3189	3661
06825000	39.616382	-102.242692	32	2	0	-0.043	1	1412	2.770	4.56	21.655	31.488	102.242692	3680	4639
06825500	39.575549	-102.252136	26	2	0	-0.045	1	268.9	2.983	4.63	23.689	21.106	102.252136	3720	4333
06826900	39.697215	-102.177412	11	2	0	-0.038	1	14.6	2.088	4.56	21.300	12.615	102.177412	3750	3894
06829700	40.162222	-100.959048	13	2	0	0.089	1	9.1	10.608	4.52	22.041	8.833	100.959048	2670	2839
06831500	40.431667	-101.626944	31	2	0	0.223	1	1050	2.061	4.28	17.819	43.083	101.626944	3130	3740
06835000	40.373056	-101.116944	23	2	0	0.212	1	1500	3.539	4.46	15.030	44.324	101.116944	2741	3374
06835100	40.304720	-101.111550	13	2	0	0.172	1	30.2	8.383	4.38	21.985	9.186	101.111550	2920	3031
06836000	40.236111	-100.811111	42	2	0	0.133	1	320	8.915	4.44	20.659	13.805	100.811111	2555	3005
06836500	40.145837	-100.673208	33	2	0	0.076	1	361	6.297	4.61	21.673	9.125	100.673208	2503	2941
06838200	40.234172	-100.427369	37	2	0	0.128	1	69	6.738	4.65	21.833	5.594	100.427369	2370	2655
06838550	40.250562	-100.317643	23	2	0	0.138	1	42	6.255	4.75	21.845	5.603	100.317643	2320	2568
06839200	40.602787	-100.700984	27	2	0	0.357	1	6.7	19.031	4.52	21.601	6.352	100.700984	2780	2939
06839600	40.584731	-100.629593	19	2	0	0.345	1	11.3	13.632	4.56	21.918	5.983	100.629593	2722	2881
06839850	40.826396	-100.524030	19	2	0	0.493	1	13.8	18.585	4.54	21.601	6.352	100.524030	2760	2936
06839900	40.744453	-100.531532	28	2	0	0.443	1	31.8	18.842	4.55	21.638	6.324	100.531532	2640	2889
06839950	40.727508	-100.536532	28	2	0	0.433	1	25.6	21.872	4.53	21.669	6.300	100.536532	2625	2911
06840000	40.634722	-100.490278	34	2	0	0.375	1	74.5	18.655	4.55	21.745	6.258	100.490278	2520	2861
06840500	40.642500	-100.445000	20	2	0	0.38	1	21.6	13.741	4.63	22.088	5.980	100.445000	2548	2782
06841000	40.500556	-100.322778	21	2	0	0.292	1	770	11.620	4.54	16.931	29.077	100.322778	2381	2868
06841500	40.471944	-100.257500	25	2	0	0.274	1	52	8.062	4.72	22.559	5.520	100.257500	2377	2671
06844700	39.285281	-101.465998	22	2	0	-0.05	1	85.7	1.568	4.77	20.124	7.899	101.465998	3440	3619
06844800	39.320556	-101.632948	33	2	0	-0.05	1	20.1	1.001	4.74	19.703	7.823	101.632948	3590	3696
06844900	39.676948	-100.722093	50	2	0	-0.029	1	446	2.613	4.85	20.482	7.967	100.722093	2722	3334
06845000	39.813061	-100.534312	45	2	0	-0.024	1	1063	3.155	4.83	20.810	8.517	100.534312	2538	3227
06845100	39.901672	-100.179025	53	2	0	-0.023	1	31.7	4.727	4.84	21.885	5.242	100.179025	2440	2589
06846200	39.814725	-100.872376	33	2	0	-0.021	1	10.2	5.078	4.71	21.336	9.697	100.872376	2840	2996
06846500	39.985006	-100.560148	68	2	0	-0.015	1	1620	3.772	4.73	21.673	10.342	100.560148	2520	3489
06847600	39.391115	-101.045711	56	2	0	-0.041	1	7.53	1.587	4.92	19.702	7.823	101.045711	3130	3202
06847900	39.769727	-100.100688	52	2	0	-0.031	1	590	3.698	4.88	21.196	7.484	100.100688	2335	2816
06858500	39.017875	-101.347911	33	2	0	-0.063	1	696.2	2.584	4.63	22.509	15.579	101.347911	3070	3994
06859500	38.788902	-100.869869	32	2	0	-0.069	1	1460	2.130	4.57	23.379	11.315	100.869869	2638	3516
06860000	38.794735	-100.858480	75	2	0	-0.069	1	3560	2.690	4.61	22.986	13.590	100.858480	2623	3633
06860300	38.941677	-100.703198	12	2	0	-0.065	1	49.6	1.552	4.85	20.226	8.458	100.703198	2840	3054
06860500	38.953560	-100.488151	39	2	0	-0.067	1	426	2.431	4.91	21.300	9.831	100.488151	2593	3033
07121500	38.003064	-103.656059	51	2	0	-0.1	1	510.9	3.861	3.79	24.854	20.285	103.656059	4120	4875
07122400	37.982231	-103.598279	44	2	0	-0.1	1	108	2.140	3.94	25.940	16.814	103.598279	4100	4484
07123675	38.085007	-103.353824	29	2	0	-0.099	1	1403	2.008	3.99	21.563	46.251	103.353824	3975	5119
07126200	37.345573	-103.958019	48	2	0	-0.1	1	161.4	4.809	3.72	23.317	27.210	103.958019	4960	5519
07126325	37.424183	-103.920238	31	2	0	-0.1	1	48.7	4.430	3.83	25.454	17.899	103.920238	4982	5331
07126390	37.492793	-103.828011	30	2	0	-0.1	1	48.6	4.592	3.89	23.554	23.291	103.828011	4785	5161
07126415	37.515293	-103.725507	31	2	0	-0.1	1	48.7	11.084	3.98	18.069	29.803	103.725507	4510	4981
07126470	37.543904	-103.632170	16	2	0	-0.1	1	421.3	8.550	4.30	19.860	29.223	103.632170	4410	5611
07126480	37.589181	-103.648282	29	2	0	-0.1	1	56.1	11.188	3.98	20.518	25.427	103.648282	4402	4968
07126500	37.714735	-103.511054	88	2	0	-0.1	1	2875	8.930	3.77	25.214	26.696	103.511054	4241	6266
07133200	37.724176	-102.740475	11	2	0	-0.1	1	2.4	5.052	4.82	22.534	22.901	102.740475	4285	4426
07134100	38.114176	-102.483802	34	2	0	-0.097	1	3216	2.573	4.33	21.382	42.863	102.483802	3545	4873
07134990	38.057028	-102.138472	18	2	0	-0.098	1	175	1.625	4.58	23.943	12.756	102.138472	3405	3793
07135000	38.027789	-102.139074	10	2	0	-0.099	1	817	3.568	4.87	21.629	26.986	102.139074	3415	4532
07138600	38.525016	-101.621557	39	2	0	-0.082	1	25.2	1.155	4.45	26.013	7.764	101.621557	3510	3605
07138650	38.481128	-101.488220	20	2	0	-0.083	1	500.3	1.360	4.50	24.141	9.965	101.488220	3320	3822
07138800	38.480020	-101.062931	21	2	0	-0.081	1	7	0.479	4.55	26.500	8.414	101.062931	3080	3153
07140600	38.061686	-100.350420	33	2	0	-0.098	1	6.89	1.141	5.01	33.710	6.905	100.350420	2650	2730
07141400	38.482794	-100.415416	21	2	0	-0.084	1	0.81	1.571	5.10	28.572	10.047	100.415416	2700	2743
07153500	36.987520	-103.424110	33	2	0	-0.1	1	500	13.477	4.10	21.689	33.300	103.424110	4900	6250
07154400	36.883333	-103.018333	61	2	0	-0.1	1	112.2	11.775	4.44	20.156	34.367	103.018333	4380	5087
07154500	36.926687	-102.959095	63	2	0	-0.1	1	1208	13.165	4.29	21.023	33.787	102.959095	4262	5681
07154650	36.897799	-102.901593	22	2	0	-0.1	1	24.9	12.310	5.07	16.656	36.111	102.901593	4250	4556
07155100	36.772245	-102.804921	18	2	0	-0.1	1	10.6	1.856	4.99	28.721	29.936	102.804921	4450	4622
07155590	37.121967	-101.897946	41	2	0	-0.1	1	2926.6	5.381	4.65	19.644	38.454	101.897946	3377	4929
07155900	37.190856	-101.898780	33	2	0	-0.1	1	57.1	0.578	4.59	26.675	11.603	101.898780	3490	3677
07156000	37.310022	-101.772112	21	2	0	-0.1	1	103	0.807	4.58	24.914	14.558	101.772112	3350	3588
07156010	37.258357	-101.775444	15	2	0	-0.1	1	411.3	0.909	4.78	21.384	32.107	101.775444	3344	3932
07156100	37.500018	-101.761560	15	2	0	-0.1	1	584.2	1.569	5.02	19.712	39.861	101.761560	3328	4446
07156220	37.626404	-101.761561	32	2	0	-0.1	1	813.3	1.511	4.88	27.048	16.366	101.761561	3292	4151
07156600	37.335302	-101.050443	33	2	0	-0.1	1	21.5	1.710	4.68	23.773	17.763	101.050443	2830	2983
07156700	37.270856	-100.927107	49	2	0	-0.102	1	2.41	1.920	4.97	22.023	33.715	100.927107	2740	2849
07157100	37.565301	-100.554598	33	2	0	-0.106	1	44	1.141	4.97	29.629	9.052	100.554598	2695	2818
07157400	37.296413	-100.339868	33	2	0	-0.114	1	6.57	4.124	5.48	30.270	11.332	100.339868	2450	2620
07157500	37.032528	-100.211253	36	2	0	-0.123	1	1157	2.078	5.36	28.356	16.822	100.211253	2164	2659
07157550	36.875030	-100.122638	22	2	0	-0.126	1	4.44	6.266	5.60	20.182	39.584	100.122638	2280	2418
07225300	35.141944	-103.792778	40	2	0	-0.086	1	15.2	6.122	4.41	21.642	42.064	103.792778	4100	4303
07225500	36.325863	-103.925524	12	2	0	-0.1	1	268.7	6.159	4.07	26.498	27.926	103.925524	5800	6532
07226200	35.979722	-103.685556	34	2	0	-0.1	1	34	11.136	4.27	26.727	32.954	103.685556	4540	5088
07226500	35.438528	-103.525794	72	2	0	-0.094	1	2060	5.336	4.17	24.140	39.343	103.525794	3820	5298
07227100	35.344386	-103.389606	54	2	0	-0.095	1	786	5.517	4.52	25.685	37.346	103.389606	3660	4283
07227150	35.058950	-103.102169	23	2	0	-0.098	1	25	5.923	4.82	30.396	28.803	103.102169	3920	4158
07227200	36.070833	-103.203333	47	2	0	-0.1	1	556	5.933	4.41	25.950	30.810	103.203333	4481	5115
07227295	36.388917	-103.318555	43	2	0	-0.1	1	1.2	2.008	4.55	25.577	43.700	103.318555	5110	5182
07227300	36.342222	-103.184167	18	2	0	-0.1	1	42	2.362	4.53	27.823	32.684	103.184167	4800	5189
07227920	35.664765	-101.350997	15	2	0	-0.109	1	134	5.673	4.90	26.247	33.765	101.350997	2836	3282
07232500	36.721415	-101.489605	57	2	0	-0.101	1	2033	2.881	4.57	26.849	31.397	101.489605	2971	4465
07232550	36.668360	-101.498772	22	2	0	-0.102	1	0.26	0.675	4.70	38.546	15.582	101.498772	3120	3131
07232650	36.556414	-102.786585	12	2	0	-0.1	1	33.9	1.092	4.86	29.673	28.221	102.786585	4410	4597
07232900	36.571971	-101.381549	30	2	0	-0.103	1	1903	1.519	4.78	29.890	27.850	101.381549	2871	3744
07233500	36.202255	-101.305993	49	2	0	-0.106	1	624.68	1.110	4.75	35.430	18.594	101.305993	2962	3541
07233850	36.863915	-100.912940	12	2	0	-0.104	1	1	0.405	5.36	24.026	33.855	100.912940	2760	2772
07234050	36.616972	-100.664317	22	2	0	-0.113	1	4.3	1.964	5.19	30.910	12.310	100.664317	2770	2842
07234100	36.645028	-100.502369	24	2	0	-0.117	1	170	2.551	5.17	32.173	16.427	100.502369	2541	2826
07301410	35.473104	-100.120950	52	2	0	-0.137	1	297	3.419	5.33	18.637	52.639	100.120950	2230	2638
