Z07111000                       USGS 
H07111000       3743401052103000808055SW1102000673.0           8270.00          
N07111000       HUERFANO R AT MANZANARES XING, NR REDWING, CO.
Y07111000       
307111000       19240615    245                1.97                    
307111000       19250704    295                2.27                    
307111000       19260601    270                2.30                    
307111000       19270913    192                2.25                    
307111000       19280529    236                2.36                    
307111000       19290718    780                2.50                    
307111000       19300722    238                2.10                    
307111000       19310924    230                1.60                    
307111000       19320821    330                2.01                    
307111000       19330705    480                2.50                    
307111000       19340727   1650                4.30                    
307111000       19350728   1400                3.306                   
307111000       19360803    920                2.80                    
307111000       19370817    428                1.90                    
307111000       19380613    272                1.57                    
307111000       19390825    153                1.23                    
307111000       19400821    291                1.64                    
307111000       19410730    792                2.42                    
307111000       19420526    511                1.652                   
307111000       19430630    200                1.022                   
307111000       19440515    336                1.39                    
307111000       19450718    780                2.03                    
307111000       19460719    700                3.006                   
307111000       19470716    380                2.35                    
307111000       19480619    261                2.09                    
307111000       19490618    222                1.92                    
307111000       19500710    114                1.54                    
307111000       19510802  10200                8.14                    
307111000       19520821    778                3.79                    
307111000       19530529   90.012                                      
307111000       19540805   98.0                2.09                    
307111000       19550819    148                2.28                    
307111000       19560603   58.012                                      
307111000       19570817    960                3.302                   
307111000       19580524    160                1.52                    
307111000       19590620   99.0                1.30                    
307111000       19600605    149                1.58                    
307111000       19610705    182                1.69                    
307111000       19620512    102                1.27                    
307111000       19630813    116                1.36                    
307111000       19640527   62.0                1.09                    
307111000       19650618    228                1.65                    
307111000       19660805   2420                4.15                    
307111000       19670714   1060                2.93                    
307111000       19680811    355                1.94                    
307111000       19690814    190                1.57                    
307111000       19700913    162                1.52                    
307111000       19710723   64.0                1.09                    
307111000       19720803   6520                6.36                    
307111000       19730612    350                2.906                   
307111000       19740511   44.0                1.71                    
307111000       19750708    120                2.30                    
307111000       19760727    112                2.19                    
307111000       19780616   64.0                2.66                    
307111000       19790616    188                3.47                    
307111000       19800611    216                3.24                    
307111000       19810811   96.0                2.62                    
307111000       19820917    102                2.622                   
