Z07107500                       USGS 
H07107500       3803061044735000808101SW11020002172            5350.00          
N07107500       ST. CHARLES RIVER AT BURNT MILL, CO.
Y07107500       
307107500       19230715   1900               10.005                   
307107500       19240505    2261               2.30                    
307107500       19250722  21800               22.13                    
307107500       19260705   1090                4.10                    
307107500       19270804  19000               20.30                    
307107500       19280719   4400                5.40                    
307107500       19290808    4721               2.11                    
307107500       19300722    1591               1.36                    
307107500       19310524    3881               1.82                    
307107500       19320826     5112                                      
307107500       19330506    3491               1.70                    
307107500       19340704    136                1.40                    
307107500       1979       10408B              3.84                    
307107500       1980       3300B               6.13                    
307107500       19810803   5500                7.49                    
307107500       1982       2050B               5.02                    
307107500       1983        340B               2.60                    
307107500       1984        370B               2.66                    
307107500       1985        590B               3.12                    
307107500       1986        500B               2.90                    
307107500       1987        560B               3.07                    
307107500       1988        380B               2.67                    
307107500       1989       2850B               5.74                    
307107500       19900722   5400                7.52                    
307107500       19910719   2280                5.27                    
307107500       19920714   3530                6.34                    
307107500       19930518    403                2.66                    
