Z06838200                       USGS 
H06838200       4014031002537003131145SW1025000469             2370.00          
N06838200       COON CREEK AT INDIANOLA, NEBR.
Y06838200       
306838200       19610521    750                7.14                    
306838200       19620803    420                6.35                    
306838200       19630530    240                5.35                    
306838200       19640718    310                5.95                    
306838200       19650612    230                5.25                    
306838200       19660728    320                6.00                    
306838200       19670708    305                5.89                    
306838200       19680624    900                7.46                    
306838200       19690725   50.02                                       
306838200       19700726    310                5.99                    
306838200       19710511   75.02                                       
306838200       19720618   20.02                                       
306838200       19730720   20.02                                       
306838200       19740609    155                4.20                    
306838200       19750608    195                4.70                    
306838200       1976       0.00                                        
306838200       19770416    540                6.60                    
306838200       19780823   0.202                                       
306838200       19790825    230                5.27                    
306838200       1980         454B              2.254                   
306838200       19810806    245                5.45                    
306838200       19820814   75.0                2.84                    
306838200       19830613   70.0                2.69                    
306838200       19840704   10.0                2.78                    
306838200       1985       5.004B                  4                   
306838200       1986       5.004B                  4                   
306838200       1987       5.004B                  4                   
306838200       19880719    140                3.90                    
306838200       1989       50.04B                  4                   
306838200       1990       0.00                                        
306838200       1991       5.004B                  4                   
306838200       19920806    400                6.27                    
306838200       19930305    310                5.94                    
306838200       1996       50.04B                  4                   
306838200       1997         504B                  4                   
306838200       1998         504B                  4                   
306838200       1999         504B                  4                   

