Z06761900                       USGS 
H06761900       4115231040450005656021SW101900150.44           5300             
N06761900       LODGEPOLE CREEK TRIBUTARY NEAR PINE BLUFFS, WY
Y06761900       
306761900       19600706   86.0                8.68                    
306761900       19610602   25.0                6.87                    
306761900       19620713   23.0                6.81                    
306761900       19630826   40.0                7.42                    
306761900       1964       15.04B                  4                   
306761900       19650613   27.0                6.95                    
306761900       1966       15.04B                  4                   
306761900       19670610   62.0                8.03                    
306761900       19680724   20.0                6.69                    
306761900       19690610   31.0                7.09                    
306761900       1970       0.00B                                       
306761900       19710603   50.0                7.72                    
306761900       19720702   40.0                7.42                    
306761900       19730425   31.0                7.12                    
306761900       1974       0.00B                                       
306761900       1975       0.00B                                       
306761900       1976       0.00B                                       
306761900       1977       0.00B                                       
306761900       19780808   52.0                7.76                    
306761900       19790820    105                9.10        1960          
306761900       19791205   82.0                8.55                    
306761900       19810702    158               10.27                    
