Z06724000                       USGS 
H06724000       4013051051534000808013SW10190005216            5292.00          
N06724000       ST. VRAIN CREEK AT LYONS, CO.
Y06724000       
306724000       18880619    5352                                       
306724000       18890528    5482                                       
306724000       18900602    6752                                       
306724000       18910527   14002                                       
306724000       18950616   11302               5.08                    
306724000       18960818   15002               6.00                    
306724000       18970518   10202               5.60                    
306724000       18980617    6032               4.20                    
306724000       18990620   11802               4.70                    
306724000       19000429    9182               4.80                    
306724000       19010623    8572               4.20                    
306724000       19020609    5142               3.70                    
306724000       19030623   17102               4.80                    
306724000       19040620    8502                                       
306724000       19050609   16602                                       
306724000       19060613   11702                                       
306724000       19070702   11202                                       
306724000       19080730    6502                                       
306724000       19090704   11502                                       
306724000       19100603    4652                                       
306724000       19110609    6602                                       
306724000       19120625   11502                                       
306724000       19130611    4902                                       
306724000       19140602   15402                                       
306724000       19150620    9552                                       
306724000       19160620    6202                                       
306724000       19170623   12402               4.35                    
306724000       19180622   17002                                       
306724000       19190730   9400                7.90                    
306724000       19200526    7332               3.85                    
306724000       19210607   20502               5.55                    
306724000       19220614    5742               3.05                    
306724000       19230609   1670                4.956                   
306724000       19240614   2230                5.00                    
306724000       19250602    410                2.96                    
306724000       19260609   1100                4.18                    
306724000       19270629    604                3.29                    
306724000       19280531   1010                4.19                    
306724000       19290703    765                3.66                    
306724000       19300810   2040                5.10                    
306724000       19310717   1450                4.76                    
306724000       19320618    854                3.64                    
306724000       19330620   1130                4.40                    
306724000       19340510    628                3.28                    
306724000       19350527   2340                5.50                    
306724000       19360617    832                3.75                    
306724000       19370626   1230                4.37                    
306724000       19380903   1650                4.74                    
306724000       19390830    978                3.82                    
306724000       19400527    675                3.57                    
306724000       19410622  10500                8.06                    
306724000       19420802   1510                3.84                    
306724000       19430529   1230                3.56                    
306724000       19440518    962                3.48                    
306724000       19450625   1000                3.30                    
306724000       19460718   2140                4.32                    
306724000       19470617   2360                4.58                    
306724000       19480611    820                2.94                    
306724000       19490604   2970                4.95                    
306724000       19500613    712                3.33                    
306724000       19510803   3920                5.37                    
306724000       19520608   1610                3.71                    
306724000       19530613    970                3.50                    
306724000       19540521    285                1.94                    
306724000       19550724    680                2.97                    
306724000       19560603    749                2.84                    
306724000       19570509   3060                5.976                   
306724000       19580508   1290                4.90                    
306724000       19590615    857                4.35                    
306724000       19600618    717                4.24                    
306724000       19610603   2540                5.73                    
306724000       19620630   1140                4.51                    
306724000       19630616   1300                4.64                    
306724000       19640527    458                3.73                    
306724000       19650617   1840                5.70                    
306724000       19660720   1210                4.82                    
306724000       19670830   2010                5.80                    
306724000       19680621    636                4.01                    
306724000       19690507   2900                6.80                    
306724000       19700629    958                4.96                    
306724000       19710425   1760                5.72                    
306724000       19720604    940                4.91                    
306724000       19730611   1360                5.33                    
306724000       19740618    641                4.54                    
306724000       19750609    922                4.94                    
306724000       19760801    835                4.65                    
306724000       19770724    732                4.58                    
306724000       19780517   1560                5.71                    
306724000       19790615   1050                5.22                    
306724000       19800430   2330                6.24                    
306724000       19810604    418                4.08                    
306724000       19820727   1600                5.65                    
306724000       19830619   1470                5.51                    
306724000       19840801   1340                5.36                    
306724000       19850609   1040                5.08                    
306724000       19860619   1120                5.37                    
306724000       19870609   1080                5.12                    
306724000       19880612    568                4.49                    
306724000       19890603    998                5.03                    
306724000       19900612    908                5.00                    
306724000       19910621   1280                5.40                    
306724000       19920612    548                4.48                    
306724000       19930617    818                4.95                    
306724000       19940810    874                4.95                    
306724000       19950529   4200                7.85                    
306724000       19960526   1120                5.24                    
306724000       19970607   1640                5.89                    
306724000       19980604    662                4.81                    
